genes_names	tAI
00010	0.20263454908444
00020	0.211778704613959
00030	0.179376871391516
00040	0.190210571402375
00050	0.17995282970922
00070	0.215411313061061
00080	0.20785890710571
00110	0.198562201458342
00120	0.175794089454937
00130	0.193345441381147
00160	0.19658092419377
00180	0.165586656873526
00190	0.183893150323481
00220	0.191046680832088
00260	0.190542974223653
00270	0.162840030606968
00280	0.194436770124614
00290	0.191388767999502
00300	0.194922029888726
00310	0.188204846392547
00320	0.180599015605086
00340	0.182908201626036
00360	0.183370393461593
00390	0.19569644548338
00400	0.19403295212275
00410	0.182293254756974
00420	0.185596032614575
00440	0.162463652646022
00460	0.164795708426076
00470	0.183187765009361
00480	0.200574505965932
00510	0.186653327072597
00540	0.186400853846146
00550	0.188895943412791
00580	0.18711425322331
00600	0.174564107807858
00610	0.166733005469525
00620	0.231295481349596
00640	0.18166216473967
00650	0.177013575350152
00670	0.187033375727858
00680	0.208161460226254
00690	0.207326445661523
00700	0.196023136369205
00730	0.216970895862053
00740	0.187225981014937
00750	0.191655949656831
00780	0.189687213519888
00790	0.185919225968417
00800	0.213322101083035
00820	0.228637420280668
00830	0.227156364413146
00840	0.192917175434515
00850	0.184839104066483
00860	0.204173495038447
00900	0.171666896034913
00910	0.18552869836114
00930	0.18501246875613
00940	0.198677792160532
00950	0.164860128258463
00970	0.172443562933353
00980	0.195943424127413
01000	0.208632043495673
01010	0.199100872076439
01020	0.209270816786954
01030	0.216777125380114
01040	0.188888114448309
01050	0.221061413875656
01060	0.19848888338829
01100	0.217774870138516
01110	0.221927760947711
01120	0.218459929564512
01140	0.176335753649638
01150	0.200952158400656
01160	0.212660746840984
01170	0.225497383329962
01200	0.235590554762444
01210	0.217905786512734
01230	0.211544801749566
01240	0.215762382645885
01250	0.231782659882827
01270	0.210432000035801
01280	0.220274104629971
01300	0.21604110465193
01310	0.201413230850978
01320	0.1932734983149
01330	0.218961496998426
01350	0.214637781621731
01360	0.169781497569918
01370	0.195519075127119
01390	0.22520798302879
01410	0.236251732650513
01420	0.176843483540935
01430	0.196452823097291
01470	0.164671439076359
01480	0.165171040910625
01490	0.215938028268974
01500	0.237150758664823
01510	0.20539489871983
01520	0.198953657274038
01530	0.188368302296867
01540	0.189650771401678
01550	0.216665451055423
01560	0.160992635115963
01580	0.144372593781705
01590	0.145026544870402
01600	0.219238705865759
01610	0.182504579476127
01620	0.161062482502693
01630	0.222484278167734
01640	0.202203458236295
01650	0.208514830878667
01660	0.210234641482138
01680	0.193233015885943
01710	0.17933820533765
01720	0.232584471435985
01800	0.198555047819144
01820	0.16747018821739
01845	0.187830064626275
01860	0.18753719689305
01880	0.185877006332964
01890	0.158914565591527
01920	0.181425699502223
01935	0.175669567859518
01950	0.18433226892533
01960	0.162156408958751
01970	0.161757240182978
01980	0.191216649833142
01990	0.166814681512615
02000	0.166146083857994
02010	0.174869219624945
02040	0.192198870361216
02050	0.185364467913061
02070	0.204841005902432
02100	0.179593921595778
02110	0.216807017885834
02120	0.153122918123363
02140	0.195076013258396
02150	0.159475081952852
02160	0.18045227944406
02170	0.158512174515673
02190	0.181320553893717
02200	0.192625563146135
02210	0.174543611614284
02220	0.183813641016539
02230	0.164342131662051
02240	0.183699938011517
02250	0.177250651376426
02260	0.170429775515902
02280	0.161568877609952
02290	0.179553355759617
02310	0.177477495784184
02330	0.207754811844958
02350	0.18865089148919
02370	0.1748482261162
02380	0.141600804951158
02390	0.174951405996613
02400	0.177114716796197
02410	0.195864525076924
02450	0.193355325600979
02460	0.175162065392312
02470	0.177600454460186
02480	0.175479395632064
02490	0.16625467689654
02500	0.197995775392632
02510	0.175119733725924
02540	0.161382992032506
02550	0.187557757686792
02600	0.155854064675943
02619	0.217664927800783
02620	0.189714950337605
02650	0.18901509284821
02660	0.151884140367687
02670	0.176066766796327
02680	0.181361799341738
02690	0.189517381580049
02700	0.183605824623308
02710	0.184929644735564
02720	0.213799456229697
02730	0.171924213824243
02750	0.194260558819795
02770	0.194868285127038
02780	0.216342777583938
02790	0.18101802426731
02800	0.174899463798464
02810	0.192169492310858
02820	0.194550339852615
02830	0.188426973641329
02890	0.226287633822737
02910	0.208121260164349
02920	0.185758443439465
02930	0.170071646897166
02990	0.162553161055182
03000	0.18340900232109
03010	0.195173797256431
03020	0.16571564667706
03050	0.211642356318591
03060	0.159478723179755
03090	0.181674863580602
03130	0.190631284648505
03140	0.216963236745346
03150	0.218027309434233
03160	0.205682523720792
03170	0.164212637296567
03180	0.190640991377633
03190	0.202062324123012
03200	0.202711811792906
03210	0.205062495941427
03220	0.165539067727453
03270	0.15284980497253
03300	0.21451805974103
03310	0.204628002815099
03320	0.204831552636126
03350	0.213755427529672
03370	0.159765582736801
03380	0.185060679872413
03390	0.204511113871928
03400	0.214904191552253
03420	0.199480335183352
03430	0.196810483760873
03440	0.200580290336609
03450	0.21126442936294
03460	0.247981840882438
03510	0.177608181723862
03520	0.170256475931543
03530	0.16454436946719
03550	0.162453896697997
03560	0.168130935667838
03580	0.176818814148774
03610	0.237126534740369
03620	0.184631295895418
03630	0.18612354008064
03640	0.187261186116154
03652	0.187546537658659
03660	0.162346706594441
03680	0.189187193471526
03690	0.170688595491188
03700	0.158484532624287
03710	0.177186786528957
03720	0.1686936457121
03730	0.22646259656562
03740	0.205407833070589
03750	0.180425128666775
03760	0.195770950833913
03790	0.199689867238356
03810	0.168769980013499
03820	0.199517748006195
03830	0.22813703637359
03840	0.182185394184591
03850	0.181992153175601
03880	0.17844184110759
03890	0.178295027807416
03910	0.193558251692278
03920	0.164090325824453
03930	0.193441834673818
03940	0.176103045769038
03950	0.197026408576336
03960	0.179690495723409
03970	0.165307894588218
03981	0.191583768353589
04010	0.209273658729026
04020	0.192609507738198
04030	0.172977759234564
04039	0.282661845902809
04050	0.179617038371559
04080	0.176061491494202
04090	0.178753977548192
04100	0.178948139191605
04140	0.206799329511196
04160	0.186520848865544
04170	0.194680010251237
04180	0.183331221966883
04190	0.198253872968732
04200	0.206950140918301
04220	0.197030335827404
04230	0.163116300837527
04240	0.173155678624073
04280	0.184886052610701
04300	0.184227767829918
04310	0.190030858367421
04340	0.185673469429981
04360	0.167435557506995
04380	0.17978127606807
04390	0.207344921385097
04400	0.350770930957545
04420	0.191464081754748
04430	0.213066978842904
04440	0.205279302133162
04450	0.180577222429317
04460	0.183364645909374
04480	0.168685107804077
04490	0.198747083555402
04500	0.183518396547169
04520	0.179373359019851
04550	0.246090167191077
04560	0.199539997218695
04570	0.190062310682143
04580	0.212972164584047
04600	0.19053565903678
04610	0.17178329906897
04620	0.187587351895777
04630	0.199427262860002
04650	0.214916407165829
04660	0.188875420703363
04700	0.183372170970039
04710	0.197080516584437
04720	0.196451962691109
04740	0.195844861680738
04750	0.205991560982362
04770	0.188440670941321
04780	0.203235392567433
04790	0.187180398502573
04810	0.216480476546803
04820	0.24573133719809
04840	0.171794167201206
04850	0.180472863034784
04860	0.193132016101078
04880	0.1921771825798
04890	0.189478857498145
04900	0.194745096407939
04910	0.208770298341994
04930	0.176512348895042
04940	0.204702955656187
04950	0.202659151331908
04960	0.187059470560774
04970	0.193764918638383
04980	0.191369917271448
04990	0.193353875076077
05000	0.20993445201252
05010	0.195123491581036
05040	0.188131094239157
05050	0.201285791363386
05060	0.190059114134447
05070	0.211447369767666
05090	0.176811259768253
05100	0.195268248933128
05110	0.178126196905835
05120	0.258747725828121
05150	0.193989717031931
05160	0.165864876112582
05180	0.171556074282365
05190	0.161925110459882
05210	0.194746723563367
05230	0.166709516161953
05240	0.1712380163993
05250	0.201413117007879
05260	0.183794541039606
05270	0.172263889887889
05280	0.199093756491087
05290	0.208683284021694
05300	0.19202616521917
05310	0.178779869626333
05320	0.171963520427795
05340	0.166390801385615
05370	0.188923093045116
05380	0.213374749412401
05390	0.185365807579861
05400	0.186147048446848
05410	0.174529047510652
05420	0.20276099379842
05430	0.177783332321711
05440	0.181918802396807
05460	0.200216897878952
05470	0.185906150459142
05530	0.207285254576693
05540	0.175947227712439
05550	0.180308899955846
05570	0.19495338886705
05580	0.195784735496325
05590	0.155624495523167
05600	0.189162573465209
05620	0.181961345501297
05630	0.204767307410836
05640	0.202137508570497
05650	0.187337465160984
05660	0.229048548361739
05680	0.158704227434259
05690	0.168502685610386
05700	0.202592495817513
05710	0.155809792732845
05730	0.205471452127204
05740	0.205451887719552
05750	0.156936674261464
05770	0.177796591153826
05780	0.205073430893149
05790	0.213031156675862
05800	0.171350972963041
05810	0.209864452469421
05820	0.200483899160582
05840	0.205287494217272
05850	0.180946667528366
05860	0.191284111152736
05870	0.182121256885564
05880	0.184248867477692
05900	0.181989319198586
05910	0.194472475729815
05930	0.158594852851477
05940	0.179764678638072
05950	0.201972542066036
05960	0.172969084648696
05970	0.170830920338463
06000	0.202037734859723
06010	0.189635051722474
06040	0.198522855307456
06140	0.227538759534403
06150	0.163470047636541
06170	0.167353993374
06190	0.184104964593723
06200	0.195162133650457
06210	0.189662401995364
06230	0.171362497113233
06240	0.220340316816036
06260	0.183630067314437
06269	0.209893691162392
06270	0.230952216959096
06290	0.199476298022476
06300	0.192647189966046
06310	0.18874856540759
06320	0.170117735552596
06330	0.172411679447649
06370	0.155680675048666
06380	0.160466794997372
06390	0.191669801900592
06400	0.172353582734735
06410	0.186703960288886
06440	0.199479359527168
06450	0.203099306168081
06460	0.1948858017885
06480	0.197119295411646
06490	0.191930780697293
06500	0.190675665245915
06510	0.187320659764651
06520	0.208184752541005
06530	0.180429689259846
06550	0.153335238022817
06560	0.180380207701637
06570	0.183125874318834
06580	0.199213235468006
06590	0.194911924841361
06610	0.190340683083238
06620	0.191349366218051
06630	0.201313804337501
06640	0.188875956861265
06650	0.204111102653896
06660	0.183065590271767
06670	0.195361753960461
06680	0.204005430193975
06690	0.212339352305497
06700	0.201915069447363
06710	0.203289110845152
06740	0.204337838968271
06750	0.167423616667342
06760	0.193099728977849
06770	0.191410799743034
06780	0.193634475779101
06790	0.235923927889512
06800	0.218707301802715
06820	0.171399435057127
06830	0.184182386281621
06840	0.169740292519737
06860	0.152410104490294
06870	0.163083341976086
06880	0.156938671919923
06890	0.142480409138378
06910	0.168087890885872
06920	0.164121189953546
06940	0.139537794353836
06950	0.170349011081077
06960	0.174830002862533
07010	0.172322182774526
07020	0.160945771309065
07030	0.183840201847083
07040	0.135765163042187
07070	0.175271759592965
07090	0.178643153192946
07110	0.170538514047533
07120	0.160258352811274
07140	0.187686599021739
07150	0.236480595313368
07160	0.210556415169366
07190	0.183470271273352
07200	0.179320258382512
07210	0.162117651792181
07220	0.200883063276105
07230	0.200745682467776
07240	0.204632849304221
07250	0.176397535886253
07270	0.192318228871333
07280	0.19482753050742
07290	0.167587805565212
07300	0.177316280161171
07310	0.161692420298446
07320	0.158006685078916
07330	0.202581363002003
07340	0.169469797437536
07350	0.190409834787041
07360	0.199656165263583
07380	0.191733412228372
07390	0.212720362018549
07400	0.163103277546168
07420	0.198054845046126
07450	0.19520870539633
07480	0.189259199877023
07490	0.20451243935355
07500	0.168809866593792
07510	0.16686423373459
07520	0.213741372133003
07530	0.180777773735782
07550	0.242029979998492
07570	0.185015978553408
07600	0.17228398114332
07620	0.160988223280846
07650	0.16643526286054
07660	0.193740562296859
07680	0.262629270399584
07690	0.210071796003693
07700	0.161145660186836
07750	0.168780809540604
07760	0.187293940967877
07790	0.18316334956831
07800	0.163585210001335
07810	0.168544372292922
07820	0.189701612323935
07840	0.208444751191389
07860	0.167038697838227
07870	0.224780158008609
07880	0.209867983216339
07890	0.182868772337374
07910	0.170054734410238
07930	0.175237967610965
07970	0.245231155733188
07990	0.194518716568901
08000	0.182180707234143
08010	0.174216552924764
08040	0.189720245277455
08050	0.196653062656068
08060	0.205264324210871
08070	0.166773470865541
08080	0.200019862475625
08090	0.174796465991143
08100	0.170192265321548
08110	0.221895624327685
08120	0.170787120066159
08130	0.183219832052405
08150	0.201451969887727
08160	0.197352904955213
08190	0.187627216895237
08220	0.18157351108292
08230	0.198424937130292
08240	0.187918686177483
08250	0.202584676923445
08270	0.200820303106727
08280	0.1857363661868
08290	0.184194544378454
08300	0.190057665272166
08320	0.186482279164481
08330	0.17349944912513
08340	0.164043056279824
08360	0.169281826688975
08370	0.182306537251002
08380	0.167544814919433
08400	0.16037314810955
08410	0.194300011599972
08440	0.202196657265487
08450	0.152654084321421
08460	0.164673355453756
08470	0.199404520279386
08480	0.193630412920675
08490	0.238960988926031
08510	0.176588314599698
08520	0.203364349287284
08530	0.240459202247081
08540	0.162542572175016
08550	0.231968225937341
08560	0.238022943135467
08570	0.208091167206936
08580	0.194663911526538
08590	0.187655074563653
08610	0.184991761404925
08620	0.161724190379397
08630	0.200557208125152
08640	0.233233262836457
08650	0.204051601574517
08660	0.280778321547325
08680	0.200473090434945
08690	0.188732420468065
08700	0.178133112209341
08710	0.196279631839398
08720	0.211798675740213
08730	0.20211924670296
08740	0.168392524914345
08760	0.227580685990769
08820	0.230446540547699
08830	0.189405550886078
08840	0.207271672740871
08870	0.182910209469688
08890	0.176065730849084
08899	0.234987754009837
08900	0.204128897100104
08910	0.182704187002191
08940	0.183751822596214
08960	0.201256607601213
08970	0.178314253039318
08980	0.190890169586378
09000	0.24227435723823
09010	0.174100736193745
09020	0.21020327587537
09030	0.188238026822536
09060	0.212395298400458
09080	0.191812968642548
09090	0.179563768928578
09100	0.285299498206497
09110	0.164396590004449
09120	0.177899123070583
09140	0.219071821525854
09165	0.183499533326696
09180	0.203992227040304
09210	0.182184562504399
09220	0.175350395118748
09250	0.191152847292873
09260	0.19284114614774
09270	0.169119845902724
09280	0.16769262532709
09290	0.198343802368335
09300	0.20736862166317
09330	0.192879736102945
09350	0.170579042398568
09360	0.164832030402732
09370	0.184087443528788
09380	0.192697119370316
09390	0.18405661290913
09400	0.181393309439845
09410	0.217017389265235
09420	0.212148174785711
09430	0.187626141935718
09440	0.205209209885983
09450	0.168967943954359
09470	0.164466312360543
09490	0.172319315352233
09510	0.208829634836566
09520	0.185900747653812
09530	0.17995169647323
09540	0.166324324880669
09550	0.212053405592452
09560	0.176670112782209
09570	0.183815994496039
09590	0.17413610119813
09680	0.187986655420551
09690	0.195914819511093
09700	0.171898340535783
09710	0.172034626157405
09720	0.176243214687194
09730	0.206995431078291
09760	0.190197054360921
09780	0.189855572275639
09810	0.204977746417419
09840	0.183827700695732
09860	0.195095020313429
09880	0.182654861067531
09890	0.174074563978098
09900	0.164075683842032
09910	0.16856433020466
09930	0.16608832460832
09950	0.25828234685453
09980	0.192752983055415
10000	0.245473483296674
10010	0.181448694037763
10040	0.181700428697798
10050	0.155480337677798
10060	0.167003762271694
10070	0.193943007958119
10090	0.160283122942838
10120	0.179490244250567
10130	0.201551604527191
10150	0.177795871905836
10160	0.194240600782789
10180	0.15837601128144
10200	0.180794741976296
10220	0.185768444102241
10230	0.177637125729076
10250	0.202269298219736
10260	0.185854674180155
10270	0.167868624923083
10280	0.21577746795674
10290	0.149533907969008
10330	0.170374398381139
10340	0.206323422896283
10350	0.196927969316213
10370	0.170870525472142
10380	0.22692222392424
10390	0.191867490355307
10400	0.170867203955157
10410	0.217322047127013
10420	0.199019359575615
10430	0.19448851995928
10450	0.17210433974085
10480	0.159168634720537
10490	0.170859496493959
10500	0.159800094383154
10530	0.201316627893045
10540	0.205603944814485
10550	0.220592213710381
10570	0.174047466763664
10590	0.164233690299522
10600	0.179188787601871
10610	0.228312141922938
10620	0.173639755294014
10630	0.173040077438914
10640	0.173756583452298
10650	0.192936414820463
10660	0.168921638252663
10680	0.152894759505571
10700	0.199583349589901
10710	0.206095972314247
10730	0.264718409617927
10740	0.185016591023432
10750	0.169664987572047
10760	0.21299992522139
10770	0.197532784191376
10790	0.181297619845294
10800	0.189408248393334
10830	0.172287573382053
10860	0.193675271955061
10880	0.170948219174812
10900	0.170367266132104
10910	0.178712947147787
10930	0.203277433823288
10970	0.181608958865633
10980	0.187183089499108
10990	0.181532291295213
11000	0.199831120738085
11020	0.230506848924093
11030	0.193109100906986
11040	0.17099319271343
11070	0.178905868093152
11079	0.189254477024116
11080	0.162169844685406
11090	0.17889587114942
11100	0.194309834098191
11110	0.185655238794384
11120	0.203755506884955
11130	0.180672418066986
11140	0.190127231554967
11150	0.172940410851069
11170	0.198704780559388
11180	0.18324622519095
11190	0.1706813154317
11210	0.184801482569841
11220	0.185180845771651
11230	0.180005951879452
11250	0.180571137289301
11260	0.231013537223317
11270	0.187600860570505
11290	0.247482864134127
11300	0.18879145863497
11310	0.195515785725604
11320	0.181169132698669
11340	0.20520066290463
11360	0.188871686432399
11370	0.178652168439215
11400	0.180549854254849
11410	0.206127149827679
11420	0.187687236909662
11450	0.18033619036188
11460	0.179196549480811
11470	0.181630622237784
11480	0.155567376049725
11490	0.208498632585561
11500	0.234835271002164
11510	0.164793163426321
11520	0.213790040490363
11530	0.171836380810059
11560	0.172685588776427
11570	0.196262596566095
11580	0.207313093804055
11590	0.203264512499144
11620	0.1571281942853
11630	0.199179926129884
11640	0.17010908385881
11650	0.169808010201469
11660	0.175951719419223
11680	0.207379893136905
11720	0.209135780381785
11730	0.174542265639304
11740	0.233299399382829
11750	0.203742071632439
11760	0.229416341154248
11770	0.256832596966389
11810	0.207637986270323
11820	0.192091755734027
11840	0.231546507309936
11850	0.214420371435865
11860	0.187681694346166
11870	0.180502535024529
11890	0.202359318412466
11910	0.19007214673874
11920	0.189346957434889
11930	0.224883347493347
11940	0.177886309615621
11950	0.221497042878297
11960	0.179160670311951
12000	0.179078353113947
12010	0.175346624139893
12020	0.185879031230427
12040	0.199347417552697
12069	0.187812555160836
12070	0.164905136083901
12090	0.13566153083887
12100	0.191694572737566
12110	0.190385201413539
12120	0.186784263079039
12130	0.167171997652391
12160	0.179075547002076
12170	0.196621365350884
12180	0.187801639016756
12190	0.159080956133847
12200	0.220918351578499
12210	0.167096002017659
12220	0.157711541741534
12229	0.252337908216127
12230	0.179798269660732
12240	0.17181678747268
12260	0.161017071608567
12270	0.161908687902891
12280	0.215470816613608
12300	0.193457343620374
12320	0.179896455468244
12330	0.153159325057103
12340	0.181335798283957
12360	0.155667028297811
12370	0.200751643078197
12380	0.182835428105473
12390	0.176255490243842
12410	0.218340437619265
12420	0.188740782537293
12430	0.199774180634647
12450	0.194350638943681
12460	0.169953677618918
12470	0.175791648224679
12480	0.17327824240706
12510	0.231574246187467
12530	0.189689537269138
12540	0.185156553204508
12550	0.209667044552962
12560	0.208995083860481
12570	0.202111129043696
12590	0.201258695213891
12600	0.193130633262847
12620	0.164855824426139
12630	0.17369382348668
12640	0.176180382085561
12649	0.17554512301689
12650	0.223336876062883
12660	0.256769703923568
12671	0.220221687033497
12680	0.197493272808458
12690	0.176817679862162
12710	0.175318269316284
12720	0.173434020369042
12730	0.183780580062642
12750	0.196092620773941
12770	0.167974735374122
12780	0.180936607852762
12790	0.234242846706866
12800	0.18684984276998
12820	0.226159321320975
12840	0.182174930907403
12870	0.206251913532169
12890	0.194560084284609
12900	0.209821941403972
12920	0.175834915720537
12930	0.184537596958721
12940	0.170026834406316
12950	0.163266840835385
12960	0.187880399992285
12980	0.181072115117824
12990	0.179198625414226
13000	0.165831956471017
13010	0.207119779245491
13020	0.213002418135939
13030	0.179335782645977
13040	0.209151997621663
13060	0.16588978036679
13080	0.185828960976183
13090	0.165491339113935
13100	0.187380505853351
13110	0.196451852714076
13120	0.187963916607528
13130	0.210433790039801
13140	0.193407202925958
13150	0.17107540735653
13160	0.205678805189126
13200	0.191428317044236
13250	0.193858694263276
13260	0.178437601440945
13270	0.219424217805919
13280	0.248012326530145
13300	0.194688399507412
13310	0.198387120753825
13320	0.213211991779279
13330	0.174530328046767
13340	0.188988504622745
13370	0.190338981063295
13380	0.169857594395678
13390	0.178899602942419
13420	0.186855003721691
13430	0.160230420446233
13440	0.183943596559336
13450	0.181414074046879
13470	0.216831105353357
13490	0.159347734436342
13500	0.172727961789736
13510	0.256830495803157
13520	0.184434558736679
13530	0.200615842518265
13540	0.189992348250091
13560	0.194969598813436
13570	0.191273348692431
13580	0.176141406616152
13590	0.182778257034209
13600	0.194775777232745
13610	0.197566801491787
13620	0.210744510173799
13630	0.209772096498589
13640	0.184782917036972
13650	0.174851932266909
13660	0.18942795064029
13670	0.187789629237256
13680	0.201129246044955
13690	0.202867473423727
13700	0.226640061435398
13710	0.157709937230555
13720	0.199081869615783
13730	0.167074690407487
13740	0.174047148091856
13750	0.239684268237596
13770	0.197840179780487
13780	0.179355620870901
13790	0.189249488398484
13800	0.189885332878759
13810	0.167802808486853
13819	0.225836270022946
13820	0.200443584640653
13830	0.157286355301453
13840	0.174957072273954
13860	0.183676234384576
13870	0.19342182149907
13880	0.19640290122192
13900	0.216193894042631
13910	0.21731330689576
13920	0.189163534471906
13930	0.184798495610282
13950	0.19298179796794
13960	0.200151398877737
13980	0.205767616626553
13990	0.205820125246645
14010	0.20793506405576
14030	0.177425887068673
14080	0.170263129869593
14090	0.182190785518821
14100	0.21277421117222
14110	0.176260034765718
14130	0.189550702504433
14160	0.173559595772184
14180	0.212416371896851
14230	0.197931890175255
14240	0.202182734141017
14260	0.186218463112463
14270	0.177732468505324
14280	0.173573858494121
14300	0.201782218263513
14310	0.186185061781679
14320	0.181698587426149
14330	0.171114953882363
14340	0.186719122072302
14350	0.216899056445013
14360	0.171972938588631
14380	0.192100523532371
14390	0.197568845687876
14430	0.193194494182334
14470	0.202142948575399
14480	0.218501667282558
14500	0.19753175915593
14510	0.207234834816195
14530	0.211299676364175
14550	0.171171978301047
14560	0.217871152564608
14580	0.217778089910463
14600	0.234419214246598
14620	0.186203533980861
14630	0.200579270951478
14640	0.181769152278246
14650	0.226163474947574
14660	0.213642499231902
14670	0.187058970173072
14680	0.198427257650515
14690	0.195231514862788
14700	0.204312822787802
14710	0.172840630032289
14720	0.209473323613128
14740	0.193401569440848
14750	0.204835653029866
14780	0.182480602168049
14790	0.211903509179234
14800	0.194331865765286
14810	0.181876102983266
14840	0.191157169341372
14890	0.178991623314275
14900	0.153378023492727
14910	0.163627034687746
14920	0.153482734123599
14930	0.144263329103081
14940	0.19067703518553
14950	0.199738100906915
14960	0.183655527425452
14970	0.186021125702251
14980	0.185884760674823
15000	0.188395723421405
15020	0.185534983807052
15040	0.172719716415424
15050	0.205851905109064
15060	0.191656221694012
15070	0.190830268880246
15080	0.214493329787005
15110	0.170098796526912
15120	0.181630308730912
15130	0.221739296750484
15150	0.17183278893041
15160	0.202673021065925
15170	0.178550454940632
15180	0.183609715306909
15190	0.166804819065314
15200	0.185967348910327
15210	0.186499214233202
15220	0.174235722304825
15230	0.188917518731369
15240	0.203275111716669
15250	0.195101145901879
15260	0.191459057410235
15290	0.21396670578393
15300	0.1857259933761
15310	0.185682895998128
15320	0.180487437740289
15330	0.198547507032382
15340	0.176973618839371
15360	0.208561593984365
15390	0.18237975908731
15400	0.169328285141016
15410	0.185004370703144
15420	0.222242255246825
15430	0.201043760719212
15440	0.197996961746706
15450	0.163852578206384
15470	0.190156148411115
15490	0.199706106001039
15510	0.221472396145603
15520	0.202850281349795
15530	0.191055617046395
15540	0.16672252188892
15560	0.188715886077547
15570	0.193657820938156
15580	0.171582009305265
15590	0.22369130524163
15600	0.198304810299117
15610	0.185419447414521
15620	0.185399986573083
15630	0.156628166301199
15640	0.198227641188211
15660	0.197085608422193
15670	0.181517850296195
15680	0.203707507011974
15690	0.224700811260897
15700	0.183047513869667
15720	0.20978405884283
15730	0.193757869584578
15740	0.183106928617465
15750	0.212307588951809
15760	0.189693245200924
15770	0.211302622211757
15790	0.170090023597538
15800	0.178831056509528
15820	0.1865668188356
15830	0.204968326154824
15840	0.19556961045114
15850	0.179627845920427
15860	0.194627187241487
15880	0.195809880177667
15890	0.180538788694629
15900	0.177507475269319
15910	0.215974317605281
15920	0.21890692494645
15930	0.206185273410886
15940	0.194289809497328
15960	0.199473105948994
15990	0.253525028259867
16000	0.176355354504223
16030	0.192867785965375
16040	0.215696311948889
16050	0.195803576378333
16060	0.194176025409249
16070	0.184203121485599
16080	0.204984123710075
16090	0.197439216956009
16100	0.19581867932831
16120	0.200016108626429
16150	0.188911965761459
16170	0.207651624445316
16180	0.193525428908372
16190	0.162001129746459
16200	0.198280170979306
16210	0.206238532491104
16220	0.192851433071398
16230	0.199851066794065
16270	0.188349546254169
16299	0.199957772778282
16300	0.192289379764653
16320	0.187119439750454
16330	0.20080518252517
16380	0.183164085029973
16400	0.178928806183294
16410	0.175877946833593
16440	0.192014341224677
16470	0.20167592284337
16490	0.253460028444767
16500	0.259134078321318
16510	0.202134661816866
16520	0.240418705717991
16530	0.190583332497087
16540	0.16956385549271
16550	0.187723349071716
16570	0.183115032294615
16590	0.211934408705916
16600	0.20923880288573
16610	0.234307075689205
16630	0.214096042996327
16640	0.185739704698966
16650	0.235166923158858
16670	0.18531081787313
16680	0.228564763922485
16690	0.209954017623947
16700	0.176793817637296
16720	0.204291449997261
16770	0.174652395037134
16780	0.203595665210981
16790	0.192245828666633
16800	0.174271630187185
16810	0.162165409354055
16845	0.186030225473153
16860	0.186576190914836
16870	0.180487700908022
16880	0.215386054225329
16930	0.186841796813217
16960	0.188305366928207
16970	0.201107217039342
17000	0.178728500809296
17020	0.212104569947828
17030	0.206536871450533
17040	0.193119246553752
17060	0.186419945401316
17070	0.179258202155316
17090	0.167643442054827
17100	0.193016285532313
17120	0.190419543568995
17130	0.19440933502169
17140	0.183203067329984
17160	0.175468641406248
17180	0.175039200949168
17190	0.184162541277805
17200	0.187636860721765
17220	0.190657280545416
17230	0.197292429388126
17240	0.196238457306779
17260	0.19528890602663
17280	0.197809102405212
17300	0.158092514171123
17310	0.16856484334805
17320	0.18949185285835
17340	0.170966648706511
17350	0.19326873670215
17360	0.236004620470396
17370	0.208247867808183
17380	0.198507760613949
17410	0.198972235847268
17420	0.212943084981005
17430	0.19507544609925
17450	0.227338940961096
17460	0.239846717210302
17480	0.181696866045781
17490	0.227585810870023
17510	0.206374694602364
17520	0.191894650437345
17530	0.211699814591386
17540	0.190446572573259
17559	0.200106672059371
17560	0.189317980305278
17580	0.190506807195049
17600	0.202323967224223
17610	0.176693198586895
17620	0.190950717709481
17630	0.172727020449762
17650	0.182500405450728
17660	0.206298239108686
17690	0.218855620423284
17700	0.211046500962719
17730	0.196723385151869
17740	0.179441948587434
17750	0.17809509446476
17760	0.162384199879105
17800	0.168456996409844
17810	0.195959188805481
17820	0.188469567786389
17830	0.170661844267685
17840	0.191063827935399
17850	0.187911650089288
17860	0.18629805433959
17870	0.197529185018522
17890	0.202892285640317
17910	0.186271962114648
17920	0.177292512637409
17930	0.161420133854813
17960	0.225869503323686
17970	0.214994980642029
17990	0.297144370213766
18010	0.200956600390037
18020	0.207898723012966
18040	0.174565996383605
18050	0.213432965395721
18070	0.182872940405104
18080	0.194496991378127
18090	0.183847024543046
18100	0.201253415127089
18110	0.184318842268525
18120	0.187438838845501
18140	0.194529866529337
18150	0.1778546035562
18160	0.188101865077917
18170	0.162875174202854
18180	0.183331161621727
18190	0.154617176671054
18200	0.218458404941192
18210	0.192260489344781
18220	0.201807864722071
18230	0.197379943880849
18239	0.27612183373172
18250	0.190328490891879
18260	0.210031893977264
18290	0.185417687901627
18300	0.195610057013629
18310	0.184526785184323
18320	0.186504797356849
18330	0.182728555346524
18340	0.180288550865986
18350	0.175205767973461
18360	0.183063554529062
18370	0.169745264377175
18400	0.1927439411005
18410	0.204520744876873
18440	0.212617928273552
18450	0.205673611582993
18460	0.183757625619947
18470	0.196744624335252
18480	0.203098605072606
18490	0.192965280569184
18520	0.192138316100743
18540	0.176097982871696
18550	0.180704275655691
18560	0.18617803977557
18570	0.195802922043787
18580	0.236537586513985
18610	0.201037592363841
18650	0.196939414665408
18660	0.191852418648718
18680	0.205783590832158
18700	0.197528346436112
18710	0.203066600404331
18730	0.16327613136874
18740	0.195657795747314
18750	0.16801562919048
18760	0.207247106547283
18780	0.179513295269184
18790	0.207596030957307
18800	0.19107347884739
18820	0.164832806422996
18830	0.193839634087691
18840	0.166701703065513
18850	0.204016486926128
18860	0.18817071193263
18870	0.2299457103211
18880	0.188174115547921
18890	0.180723984361308
18910	0.212165189923355
18960	0.198243211899164
18970	0.193202729105401
18980	0.182852335281601
19010	0.196324050436776
19020	0.185634611614449
19030	0.196636240020143
19040	0.202653340115479
19050	0.17226204669477
19070	0.184073809220761
19080	0.179522276161474
19120	0.179253293658406
19150	0.18115595214677
19170	0.201739289736464
19180	0.186130867829029
19190	0.200962515525467
19210	0.203880050350336
19240	0.220804233359437
19250	0.217748018682376
19260	0.187894528315513
19270	0.203378655691884
19290	0.179898995082686
19300	0.237026429418074
19310	0.187195432238031
19320	0.180505913165663
19330	0.197308667156348
19340	0.168723480915561
19360	0.205377015710865
19380	0.196753810981898
19390	0.190847012477283
19410	0.185962839964946
19420	0.198636316721803
19470	0.21756109117582
19479	0.181592144785688
19490	0.228765092779797
19520	0.162791396561153
19530	0.20640583956096
19550	0.190369101207787
19580	0.175491152371733
19590	0.221970207116913
19600	0.177155944678481
19620	0.216174044369396
19640	0.196850842458966
19650	0.169542236256354
19660	0.181196598210988
19670	0.193752632859124
19680	0.179558873169049
19690	0.190700016428343
19710	0.182053021540685
19720	0.184612517181776
19730	0.172024193873415
19740	0.167170267077244
19750	0.174922541574628
19770	0.185645669948316
19780	0.203115210500141
19820	0.212304539927201
19830	0.196699039063942
19840	0.202476897248188
19850	0.212752207702993
19860	0.170665288925142
19910	0.205204455179985
19930	0.156509393859555
19940	0.194448541095424
19950	0.208963016146291
19970	0.244153461720612
19980	0.155438527860835
19990	0.191344767704491
20010	0.202742211066279
20020	0.198411805616655
20030	0.201213583934572
20050	0.212856246098233
20070	0.197420755662837
20080	0.215151233461356
20090	0.186333782151793
20130	0.227489919933979
20150	0.179386297488079
20160	0.209305513094252
20170	0.216337207948933
20180	0.213125268139825
20230	0.201752446068991
20240	0.198856289761995
20250	0.190170183381243
20270	0.192845877656891
20280	0.206491521942842
20290	0.160306144037916
20300	0.191860502308792
20310	0.18494940592787
20330	0.208852054179577
20340	0.19560077308506
20350	0.189112479405952
20360	0.193902385801141
20380	0.19645288220153
20390	0.216542398718401
20400	0.21704601192018
20410	0.20871227967737
20420	0.23543397720558
20430	0.191881732471855
20440	0.189587253849638
20450	0.180911960774006
20460	0.179317518968872
20470	0.198295607970868
20480	0.175558306574416
20490	0.202799422583229
20500	0.186118013795923
20510	0.186887010258907
20520	0.235439390748047
20530	0.198322456588986
20540	0.186755167415501
20550	0.211964323468564
20560	0.175611334948188
20570	0.17431746993025
20580	0.18936563006553
20590	0.200589666887876
20610	0.18889739041234
20620	0.221246594601498
20630	0.158239909679495
20640	0.215441428926852
20650	0.223938091976071
20660	0.200288985823743
20680	0.224355621182314
20690	0.195182637064358
20700	0.209070540365295
20710	0.206852661352758
20720	0.199388057974219
20730	0.198550785972108
20740	0.188569215694322
20770	0.237940386614193
20800	0.195766227109771
20810	0.189584948146385
20820	0.205591491365182
20830	0.197782752220102
20840	0.225929024832446
20860	0.192276360886975
20880	0.180469844084822
20890	0.184033075055856
20900	0.16595844640528
20910	0.191749664942858
20920	0.18974061537196
20950	0.19210034436324
20960	0.191894402517676
20970	0.198748269080308
20990	0.241668499481859
21010	0.228651455186236
21020	0.211275819419706
21030	0.207434627789783
21040	0.196913637727087
21060	0.251466680152846
21070	0.218702524426097
21080	0.192344096998005
21100	0.209650361361114
21110	0.219438424917358
21120	0.199353948463432
21130	0.216755706694249
21140	0.178245514085589
21160	0.179380102873776
21170	0.18444824865815
21180	0.214740161499189
21190	0.198911796637362
21200	0.192943159142811
21220	0.212945785905304
21230	0.204906070824809
21240	0.196479535916348
21260	0.214963008234495
21270	0.223994134093523
21280	0.226179043849842
21290	0.207700486605116
21300	0.188393364857328
21320	0.196006019520017
21330	0.206873720339481
21340	0.19545708053872
21360	0.190606588952851
21370	0.196306190486327
21400	0.193742799924668
21410	0.195490249588956
21420	0.197662092672811
21430	0.225489022502636
21440	0.194959853556554
21450	0.188654944553683
21460	0.207014166013765
21470	0.18393627785043
21480	0.186685743492137
21490	0.185730645688191
21500	0.169381051366541
21510	0.22095251313589
21520	0.201939365045325
21560	0.205421539452412
21620	0.187157673335239
21660	0.217192523419836
21700	0.219890285802842
21730	0.172454527990006
21740	0.199554470969043
21760	0.195824852734457
21770	0.173285422771606
21780	0.194666158699674
21790	0.18946437891365
21800	0.185416715640753
21810	0.178546345933167
21840	0.176052078013002
21870	0.193867300261925
21880	0.207089309958064
21890	0.184303307053249
21920	0.198943966263243
21930	0.306520739227761
21940	0.243064444556665
21950	0.211053742470718
21960	0.202486581064305
21970	0.212915492252622
21980	0.181763391391751
22010	0.18460115420236
22020	0.227370820562184
22060	0.158385945146552
22080	0.192954940639208
22090	0.165577169672169
22100	0.158483004365518
22110	0.187398737240743
22120	0.196079004981237
22130	0.184174905881647
22140	0.184542671404067
22150	0.190968044766967
22160	0.161914962732211
22170	0.198068867575291
22180	0.227202327474497
22190	0.19977420829961
22210	0.198565042455177
22230	0.201048980789436
22240	0.191792070013692
22250	0.163237546232822
22260	0.226760027277647
22270	0.190576880808061
22280	0.174447347112906
22300	0.177028452434495
22310	0.176033007294494
22330	0.164661263133448
22350	0.203199579933724
22360	0.205793276647689
22370	0.198359342419464
22380	0.214889471749571
22400	0.176613125558474
22410	0.202895207227331
22440	0.194769190886452
22450	0.176832382284723
22460	0.178234910826562
22480	0.174817424365811
22490	0.198934546127462
22500	0.222688182265586
22510	0.175788052984257
22520	0.189244436622424
22530	0.145230598083567
22540	0.161285111477641
22550	0.169557769661899
22560	0.169120959481651
22570	0.164425549092225
22580	0.17800100483314
22590	0.182042771539854
22610	0.18469650801646
22620	0.182747024136327
22630	0.177102303268788
22640	0.189361654982343
22650	0.177061830891007
22670	0.156889051371243
22680	0.18076860687409
22690	0.204910983950844
22700	0.185641211896874
22710	0.192743003298513
22720	0.194448484763198
22730	0.215952118023014
22770	0.229017195377983
22790	0.258195469962038
22820	0.168728645134905
22830	0.175843497823275
22849	0.16179889440744
22860	0.154842669776354
22890	0.204250794437873
22910	0.21207449172316
22920	0.211261783257411
22930	0.181970328207599
22940	0.16670289033622
22950	0.192589371742279
22960	0.19373575018139
22980	0.179116048062398
23000	0.201947875942386
23010	0.173564824504871
23030	0.166172858811752
23040	0.233187154820674
23050	0.168952575721012
23070	0.208412443598205
23090	0.191039325046439
23100	0.197140257242695
23110	0.190171261374561
23130	0.170758399140053
23140	0.187952787702652
23160	0.181250113359783
23180	0.166892151722554
23200	0.177751108257792
23220	0.188110404871982
23230	0.208582328735564
23250	0.222928295566583
23280	0.190166978850135
23300	0.208005831285683
23310	0.181044705755252
23328	0.180566263721632
23350	0.210123698613678
23360	0.231333531320832
23401	0.195257175357608
23402	0.17803984067089
23410	0.186711055530849
23420	0.197859313811542
23430	0.142561843582103
23450	0.192063874126095
23470	0.173858042063008
23480	0.206615522879013
23500	0.18042448845373
23520	0.244149558456169
23540	0.206293698057693
23580	0.19739366874845
23590	0.19392997493003
23610	0.187485366506843
23630	0.257536470562537
23640	0.178921467959755
23650	0.20682035357059
23670	0.198956869230082
23690	0.206918647049664
23720	0.207750911742755
23730	0.186990715465891
23740	0.15723614987371
23750	0.17559033036396
23770	0.16235030479508
23790	0.175262651828359
23810	0.155745312381538
23830	0.193512483091754
23840	0.186611396913487
23850	0.217061322171432
23860	0.214863382226804
23880	0.182406529063555
23900	0.182755992852621
23930	0.163683623452229
23940	0.170981444903607
23950	0.18267483675005
23970	0.169842995818159
23990	0.19153188267898
24000	0.195103315475991
24010	0.185063746919466
24020	0.207870069957394
24070	0.200143433977446
24140	0.168067748353831
24150	0.172269454373266
24160	0.176643009853164
24170	0.167999120426674
24180	0.183103643855518
24200	0.1508615942604
24240	0.184108349576715
24260	0.192044016915329
24270	0.18781051431338
24300	0.195224475067998
24320	0.217344583418087
24330	0.207588486121254
24360	0.228002254821412
24370	0.222315261843782
24380	0.208098687716872
24390	0.177751553783518
24400	0.185577944520309
24450	0.223449240353924
24480	0.177140274941934
24490	0.173495124264479
24510	0.186384255627451
24530	0.176435935639821
24550	0.173628244985253
24560	0.186838043063891
24570	0.186018450213287
24580	0.194423944786461
24590	0.189510650932746
24600	0.202243839390411
24620	0.215486971673978
24630	0.174411374454812
24650	0.227890234679298
24670	0.171989913598785
24680	0.166233958618079
24690	0.198909803646478
24700	0.177201992486292
24710	0.173124168863484
24730	0.179834032194408
24750	0.193518440613884
24760	0.185390466186635
24770	0.204775396440578
24780	0.184177495423827
24790	0.182132677286086
24820	0.181392907803923
24830	0.168053041250465
24860	0.204653672570249
24910	0.162735268275427
24920	0.19607557804382
24930	0.191522965136991
24940	0.218344640133978
24990	0.200390104692923
25030	0.168253663017889
25050	0.179096356109461
25060	0.16105952833677
25070	0.219513394933263
25100	0.192242989140201
25110	0.180849617637386
25120	0.215925982064487
25130	0.206740377368924
25140	0.183834806346163
25150	0.205394714512953
25160	0.198987028264492
25170	0.178100089334963
25180	0.186991902299867
25190	0.198512183125259
25230	0.188404237142935
25240	0.190221354963362
25250	0.184709752735807
25260	0.199691428522564
25270	0.175134472449853
25280	0.205309558330031
25290	0.209980657075669
25300	0.183296558783775
25340	0.193209390451581
25350	0.184987443739153
25360	0.147358619124722
25370	0.226638020030721
25380	0.197198787215002
25400	0.195720511621096
25410	0.219202748875966
25420	0.169707659947965
25430	0.219562169847217
25450	0.189797424021438
25470	0.236277682993236
25490	0.184825322324099
25500	0.192270570796195
25510	0.195913618612395
25520	0.216010956682159
25530	0.184701972850988
25550	0.223452407333488
25570	0.163144720925559
25580	0.166557188272968
25590	0.190166089453527
25610	0.193064475829887
25620	0.20138477683533
25630	0.175867453127281
25640	0.16605590665774
25650	0.207064884292535
25670	0.18439205709186
25690	0.203755776081104
25700	0.184441128126413
25710	0.172611756341657
25720	0.16374441328583
25750	0.15551168496387
25780	0.169775271399752
25790	0.179884420280838
25800	0.194339393309312
25810	0.174052153314667
25820	0.187222828922344
25850	0.223608821464525
25880	0.221943653584078
25890	0.192186781042699
25900	0.193984540694229
25920	0.194938422287467
25930	0.18224341277225
25940	0.187162517185875
25960	0.165072371841069
25970	0.160887954278429
25980	0.188508851196997
25990	0.210278543617912
26000	0.168786593166763
26010	0.178134654589735
26020	0.168099090874442
26030	0.177451969065414
26050	0.182210059339402
26060	0.192144548990668
26075	0.190395897836454
26089	0.149395902829431
26090	0.167513948425612
26110	0.156271778463912
26120	0.167912096632129
26130	0.174942408901566
26140	0.190007503028227
26160	0.198506047313706
26170	0.196520847829389
26190	0.173733500951794
26200	0.203921650574784
26210	0.189885805374674
26230	0.21587151228261
26240	0.181979997996264
26250	0.152565789485096
26260	0.188568541214066
26270	0.200635613105046
26280	0.199276525824219
26290	0.198397598289315
26300	0.222860580422512
26310	0.215323274484373
26330	0.219787562959182
26340	0.200364468001753
26350	0.216533676771304
26360	0.203931705000854
26370	0.19535579325165
26380	0.19879643659497
26410	0.18608432896431
26420	0.178015057183936
26430	0.171517848404429
26440	0.187798928227862
26450	0.189285760485079
26470	0.19077781240061
26480	0.167494901173427
26490	0.166009902964974
26510	0.202948329317185
26530	0.198258295241902
26550	0.234855563444908
26560	0.177143645608998
26570	0.179633379931063
26590	0.169786722199126
26600	0.186883918881753
26610	0.198400661953431
26619	0.209179121300797
26620	0.171784919685539
26680	0.173967242144023
26690	0.176915418091201
26700	0.145018274946191
26710	0.148192628439055
26720	0.188003518660527
26770	0.17212306672753
26780	0.211142710140703
26810	0.182672324342868
26820	0.215057506861361
26840	0.205064687508119
26860	0.160100778916396
26870	0.207326096935574
26880	0.184678592073739
26890	0.201782902564829
26910	0.190953373954112
26920	0.163361184005158
26930	0.158156762937055
26940	0.186465027619811
26950	0.203334650860699
26970	0.184622449446129
26980	0.193107130510855
26990	0.237880134362837
27009	0.216839916602848
27010	0.200733558078973
27030	0.182224165093545
27070	0.201926112532911
27080	0.18606221385806
27090	0.185307270122704
27110	0.209199301475122
27130	0.220338296074133
27170	0.195883402038447
27180	0.178365241916636
27190	0.221048758265935
27200	0.178280083276791
27220	0.195545764175872
27230	0.216619785810555
27240	0.207954335027834
27250	0.191990957512262
27280	0.193153607831837
27290	0.20852650845766
27310	0.194491132438214
27320	0.247420966831634
27350	0.213580109602522
27360	0.172032898565552
27370	0.182121624824344
27380	0.284682874326775
27410	0.208287364522469
27420	0.143386686165966
27440	0.211397734960632
27450	0.169301081024514
27460	0.182555433158846
27470	0.172477070430569
27490	0.208998808276675
27500	0.235492293641615
27550	0.196927493985675
27590	0.198238794815057
27610	0.207633858350978
27620	0.182117950562301
27630	0.199751090536559
27640	0.186140681778375
27650	0.185945753709073
27660	0.195059978958687
27670	0.173690586584232
27680	0.202507860591375
27690	0.213047875295133
27700	0.206923965871179
27710	0.196047723722891
27720	0.207501103069912
27730	0.167731193991842
27740	0.192437708937902
27750	0.167026180549936
27770	0.172659173030802
27809	0.165595243203229
27810	0.18017541308837
27820	0.213957083729989
27830	0.233066553175057
27840	0.157663847212723
27850	0.183142539919412
27870	0.189945495454289
27880	0.1958885806533
27910	0.184159359597551
27920	0.190282189742774
27930	0.180909461112776
27940	0.238240213622761
27950	0.166073444286312
27960	0.255883811053811
27970	0.161311809026658
27990	0.191607374768984
28000	0.19539069152826
28010	0.170046647651515
28020	0.202183689504065
28030	0.188637733176039
28050	0.19459603182472
28080	0.183105597705608
28090	0.194921117674991
28100	0.1884389062993
28110	0.193495783999347
28120	0.198493350282074
28150	0.185712000214613
28170	0.18557395897751
28180	0.184695316720533
28220	0.210534311262411
28230	0.253474399727861
28240	0.195576518349273
28250	0.20471576685711
28270	0.185426808041234
28280	0.200181724986399
28290	0.248847175304591
28300	0.197483035355896
28310	0.201747302259481
28340	0.224658110796602
28350	0.190041773285568
28370	0.194642019973609
28380	0.181082132113822
28400	0.209579583219346
28410	0.159770939054279
28430	0.187003394206905
28440	0.184577884126861
28450	0.173293738695391
28460	0.194472812653308
28470	0.208683399972824
28490	0.194427497262535
28500	0.267173690651259
28520	0.181503584724122
28530	0.188453473466378
28540	0.178629456437292
28550	0.215473570053884
28560	0.178253181572955
28570	0.169119090942468
28590	0.193232720142115
28600	0.173392009172821
28620	0.183832621283203
28630	0.188542857003467
28650	0.18071326697253
28660	0.210428000410052
28670	0.191414161245273
28680	0.181572990609843
28700	0.178889383711236
28710	0.157881242647671
28720	0.189045131728538
28730	0.154681623813676
28740	0.174880538309515
28810	0.173273978303943
28820	0.196881073549498
28830	0.170945088074666
28840	0.15707008325948
28850	0.19679319303027
28870	0.231479580294185
28900	0.178739164951407
28910	0.166020967563074
28930	0.16177146713051
28940	0.20232816687905
28950	0.226360412517333
28960	0.182884491566521
28980	0.189827902548778
28990	0.17863815962449
29000	0.200343109222125
29030	0.199877173507385
29040	0.176402652742684
29050	0.227421011220746
29060	0.228486120758005
29090	0.183051174476913
29130	0.231358252571033
29150	0.174202940803306
29160	0.169390957856595
29190	0.206959857250268
29200	0.202652215789367
29210	0.187851338318394
29250	0.19486435305225
29260	0.20106409455915
29290	0.169089720572164
29360	0.166981657191317
29390	0.157810180993696
29410	0.187455765607263
29420	0.19682042419615
29440	0.206147832582238
29450	0.211168917705345
29460	0.202629528849373
29480	0.172695975036358
29490	0.209080950826532
29500	0.22676254736277
29510	0.183379897392008
29520	0.172488544945437
29530	0.180577035364988
29550	0.165721022613167
29560	0.191901877236029
29570	0.245870367627906
29580	0.202766633555975
29600	0.188714448448207
29650	0.180891177858604
29660	0.217898943755394
29680	0.182369850513215
29690	0.202747550536316
29700	0.195961844065884
29710	0.191146891563929
29720	0.178527430954603
29760	0.196447406510105
29770	0.227264424093687
29780	0.198106280029904
29790	0.190813949229874
29820	0.205304118274631
29840	0.250277188818544
29860	0.173251299966332
29870	0.173998084566282
29880	0.181741783316916
29890	0.179574676185749
29900	0.199290851226671
29920	0.176465292214068
29930	0.187757356514198
29960	0.164526171731541
29970	0.182172843464666
29980	0.206630734741875
29990	0.167982300272125
30000	0.157370332339474
30010	0.173201109623125
30050	0.159795932666781
30060	0.197897568984567
30100	0.175779601783752
30110	0.186462769069134
30120	0.192321888889094
30135	0.165254053657082
30150	0.200438649865114
30160	0.197419833544283
30170	0.158423415243433
30180	0.187339204467495
30190	0.16094624592441
30210	0.166749700164206
30220	0.187315436887613
30230	0.187557570287364
30250	0.165110170015003
30260	0.196115010766099
30270	0.212917304003288
30280	0.182343461895447
30290	0.180979553146419
30300	0.209733935095631
30320	0.196783043956796
30330	0.189587577456948
30350	0.163249436551382
30370	0.177253809466745
30380	0.177317579867985
30400	0.177509993211654
30420	0.165832075343538
30440	0.166170173014719
30450	0.185653106030437
30460	0.182721904719891
30480	0.191759966202055
30490	0.21652671251259
30530	0.181175875550868
30540	0.181946311261654
30550	0.202596912362272
30560	0.193573899535155
30580	0.182615432043172
30610	0.182310881445174
30650	0.22454104705698
30660	0.197221920091531
30690	0.196807525732892
30710	0.175325571824107
30720	0.177782595683898
30740	0.149325643888483
30750	0.15796266076416
30770	0.196431460052709
30780	0.186906578271008
30790	0.182569585146985
30820	0.15743427518534
30830	0.193486658730593
30840	0.199857498384602
30860	0.189198621202524
30870	0.181977131435059
30880	0.211070392676329
30890	0.221809440505374
30900	0.18579225590642
30920	0.193513050378057
30950	0.159366728760093
30960	0.162632778900578
30970	0.174266720735052
30980	0.176412216919873
30990	0.185011812265266
31000	0.198343054114645
31020	0.164127363811418
31030	0.203828143400609
31040	0.183824583510912
31050	0.196018398793579
31060	0.213018157426454
31090	0.186197300677749
31100	0.180390748400014
31110	0.189558367613499
31120	0.192945603704095
31130	0.167941545990292
31170	0.18088394011763
31200	0.211836658408637
31210	0.204270880218564
31230	0.208696355666302
31240	0.211473493510585
31270	0.177829102986305
31290	0.189569315589366
31300	0.18578220673674
31322	0.175961710961065
31330	0.173911077293251
31340	0.162545610668973
31360	0.197206017686883
31370	0.204624017766426
31380	0.23362702305586
31390	0.250332364125174
31410	0.214956018307164
31420	0.17473037229297
31430	0.194116142194857
31440	0.192310318298862
31450	0.187809771114973
31470	0.19305797689333
31480	0.176739042398196
31490	0.192307723853455
31500	0.184818061343659
31510	0.157281783205125
31520	0.208436294320671
31580	0.170462128095548
31590	0.1707970143674
31600	0.177966759796387
31610	0.179060490902083
31660	0.15421572501391
31680	0.181372170909046
31690	0.16315065173945
31700	0.19296602093248
31710	0.199815274917598
31720	0.259878805301504
31740	0.198800983871472
31750	0.186195395025913
31780	0.220509084605807
31800	0.158450079891123
31810	0.184030592679177
31830	0.197134165462896
31840	0.189459458979054
31850	0.216490390071888
31860	0.215241628105149
31890	0.21412668102985
31930	0.190587924190578
31959	0.176944806916591
31960	0.164222582776254
31990	0.170724259533349
32000	0.163031939524268
32030	0.173726625606344
32040	0.162837574678696
32070	0.194060724695968
32090	0.16924862863603
32100	0.171688185629469
32110	0.207175480873833
32120	0.211836201377286
32130	0.205998581243129
32140	0.202739810558913
32150	0.211205772383842
32160	0.225359014178939
32180	0.175012362537136
32190	0.167924960196122
32200	0.205489842537908
32210	0.173907981371111
32220	0.196342416052735
32230	0.173131416347977
32240	0.181525299747793
32250	0.208182346462035
32260	0.185005969795002
32270	0.186736640454512
32280	0.201596750666709
32290	0.191665768747193
32300	0.202999066223505
32310	0.237658324811715
32320	0.188737396391211
32340	0.1916765825499
32350	0.189017616720146
32360	0.195946383615731
32370	0.186216876186893
32380	0.157418449633546
32390	0.168244732109546
32400	0.177899509622403
32420	0.194170209708794
32430	0.192157664874934
32440	0.170339873535974
32460	0.183860961022208
32470	0.180028635972957
32480	0.171178469405214
32490	0.159264413555819
32500	0.169935744422749
32510	0.165725431016986
32520	0.181905044619607
32540	0.191554017347823
32610	0.175381005272665
32630	0.165899895486715
32650	0.218967460140259
32660	0.18460302390104
32669	0.180249135741707
32670	0.219527009844635
32690	0.171463693121969
32700	0.206844715467932
32710	0.240615104096335
32750	0.183280642719372
32770	0.199386764897135
32780	0.180815235448212
32790	0.205571904393159
32800	0.229192043723434
32830	0.183645387467817
32840	0.191618724069996
32860	0.200031891664766
32870	0.185246578179591
32880	0.191557815175557
32890	0.216265973683111
32950	0.190669884522501
32990	0.245844044463367
33000	0.205108713059512
33010	0.182703389005825
33020	0.188584819732986
33040	0.187682344571393
33049	0.227656116324058
33050	0.184579895524211
33060	0.170760032902532
33070	0.19365756495334
33080	0.185919478595896
33090	0.181673245846276
33100	0.182110741517442
33110	0.187399684668094
33120	0.215563527796299
33130	0.214971659089981
33140	0.158262435336205
33180	0.19985716254242
33200	0.200955991968351
33210	0.185644141274144
33222	0.207317944939877
33230	0.188932276691488
33240	0.213927252351937
33250	0.200016199945105
33260	0.174485530262644
33270	0.175101651980093
33280	0.200407083215223
33310	0.15429337160652
33320	0.226241126860986
33340	0.227905419407391
33350	0.179941693200244
33380	0.212555305045042
33390	0.165914456473561
33420	0.168842303440997
33430	0.20202733092304
33440	0.173709949045238
33460	0.154004195723648
33470	0.173686188789509
33480	0.182976292826134
33500	0.184818876244012
33520	0.188733102035227
33570	0.142335744025484
33580	0.18353332608422
33590	0.183492485443389
33600	0.213098267910513
33610	0.186199888877773
33640	0.184851338114937
33650	0.163231295567815
33670	0.212034134447025
33680	0.213298778279019
33690	0.198376627229087
33700	0.168523522644108
33710	0.188301152661096
33720	0.154484606558688
33740	0.187578413094753
33750	0.20050405772769
33760	0.177381976147136
33780	0.163767234162538
33800	0.154560552151171
33810	0.177721965281355
33820	0.172475085174422
33850	0.170710841613312
33860	0.220548193721118
33870	0.198735908888322
33880	0.203488102825643
33890	0.19733411730244
33900	0.231752229942994
33920	0.208673293889871
33930	0.230005394300027
33940	0.224430050037004
33960	0.169113808607267
33970	0.194842556963621
34010	0.184210956799564
34020	0.208554065490209
34040	0.175628737128897
34050	0.161735542978946
34070	0.169277420211578
34080	0.179056500681468
34090	0.201420030365022
34110	0.173626541868859
34120	0.182062271981332
34130	0.184389011750432
34140	0.171719796998677
34150	0.168446289563669
34170	0.20566788425483
34210	0.213459405105214
34220	0.186757117220792
34240	0.171737681472906
34250	0.171867405964558
34280	0.179499409632144
34290	0.189824180480213
34300	0.179397494739094
34310	0.157849065642233
34320	0.171394658515463
34330	0.17752766750337
34340	0.171692629378494
34350	0.185854168425948
34390	0.176064781129833
34410	0.198335308704299
34440	0.164383042153072
34450	0.258585266822124
34460	0.204946774694026
34470	0.166351228225973
34480	0.196797507056029
34500	0.173339884325615
34520	0.197333631991078
34530	0.188189278877396
34540	0.203057316402773
34570	0.188384744865476
34590	0.152633439660078
34600	0.163334475973438
34610	0.195562408923833
34640	0.19467057314476
34660	0.161952631884076
34670	0.163819065397561
34690	0.167221461127195
34710	0.181664082987681
34720	0.176185480220952
34729	0.218038045080716
34730	0.199368067648779
34740	0.195379786925774
34750	0.198749111091818
34760	0.171478521934293
34770	0.176606972368329
34780	0.191165762953687
34790	0.233392521513859
34800	0.236707733621285
34810	0.17732223230783
34820	0.173279560305555
34830	0.2075519940003
34840	0.206393440475199
34850	0.217570225932483
34860	0.236441224102424
34870	0.191502664446914
34880	0.183976503816646
34900	0.191417716673163
34910	0.174755022877969
34920	0.171352548644296
34930	0.175333145447314
34950	0.19550111064352
34960	0.178944166801191
34980	0.156133631289137
34990	0.17742828411281
35000	0.187062204349702
35010	0.183229170121334
35040	0.16903896632288
35050	0.21176359784236
35070	0.159896179138297
35080	0.225793860836417
35090	0.172538641771053
35100	0.190566475449481
35110	0.185737778314587
35120	0.199019660502907
35130	0.161628558088641
35140	0.201673394445638
35160	0.173894797181286
35190	0.202546875829572
35200	0.2020940153844
35210	0.176642923303506
35220	0.161555300567511
35250	0.189105143867727
35270	0.21379950040426
35280	0.166862299506135
35300	0.193534975411833
35320	0.174846442385805
35340	0.193278920314346
35350	0.172822647469171
35360	0.204878151365915
35370	0.200468875864038
35380	0.188866501206799
35400	0.195183381811879
35410	0.193068013084794
35420	0.208798791665278
35430	0.22483492506407
35450	0.199718289763795
35470	0.181883647409651
35490	0.205659750756355
35500	0.188907926547295
35510	0.19073498505669
35520	0.218599145411462
35530	0.180342197022176
35540	0.178888498860567
35550	0.187835907559477
35560	0.176974554383831
35580	0.186811748641838
35590	0.155981994417321
35600	0.165478555010763
35620	0.17542378057518
35630	0.189188058127412
35640	0.180145962683129
35650	0.213114304934035
35660	0.165162480715388
35670	0.208096617172538
35680	0.187291767407892
35690	0.190717654228709
35700	0.174298426605368
35710	0.174266328330245
35740	0.191396938225293
35750	0.20752870964006
35760	0.201745073490586
35770	0.214680341830795
35800	0.184302248101262
35810	0.174383600886239
35820	0.197884114513793
35830	0.176199643564345
35840	0.207086411902035
35850	0.207225317720212
35860	0.18041590209273
35880	0.195198044487937
35890	0.18645253745924
35900	0.207609927657344
35910	0.177728346299129
35920	0.169376261728469
35930	0.187835051100254
35940	0.200760460670826
35960	0.20799020229941
35970	0.190093090624537
35980	0.21945563216069
35990	0.163809954261348
36020	0.183682078188329
36030	0.179558477099172
36040	0.166668041710359
36050	0.194917132620715
36060	0.175439535248304
36080	0.194709897246721
36100	0.185575484347605
36110	0.193034681396302
36120	0.186748135271116
36130	0.193731807774007
36140	0.165380148252117
36150	0.175688307027223
36160	0.220279237504165
36200	0.233498481704074
36210	0.221315160401338
36220	0.208512356128001
36240	0.181606493238926
36260	0.198910975519119
36280	0.189835208185203
36290	0.176489139995632
36300	0.170859726341958
36310	0.191941810138495
36320	0.225330447461511
36330	0.226514928793154
36340	0.183703815217552
36350	0.190078483559648
36370	0.212675047449596
36380	0.212665559366036
36390	0.187300740620887
36400	0.193474889920343
36410	0.191808038257555
36420	0.212594310452596
36440	0.219804621238587
36450	0.177017656925686
36460	0.194291859043934
36470	0.171825655397356
36490	0.191967038014792
36500	0.150480307771367
36520	0.214367572811089
36530	0.177846816768189
36540	0.169222119921791
36550	0.220611454487367
36560	0.197225178207027
36570	0.18105329390655
36580	0.198601156473041
36590	0.180703287535374
36600	0.181682345562395
36630	0.178560378832967
36640	0.1774955845506
36650	0.193159939402259
36660	0.16463700545862
36670	0.243555751946355
36690	0.196713158167366
36700	0.184253411325674
36710	0.186665961367917
36730	0.200177177235362
36750	0.20118452902669
36760	0.211184397223617
36770	0.200335881102909
36820	0.182809785929077
36830	0.211016597405631
36840	0.190154988667258
36860	0.180507504385613
36870	0.160667272932327
36900	0.218618521403265
36930	0.178966136638235
36960	0.188709153230316
36970	0.212642294826018
36990	0.161020894650128
37000	0.171851602297069
37030	0.204373280843804
37040	0.160383497934685
37050	0.206675407667162
37060	0.162125308942674
37080	0.2005071269995
37130	0.221959844967368
37140	0.184158861521318
37150	0.217245013048095
37160	0.230164070405084
37190	0.175126229275464
37210	0.202976907723617
37230	0.183222216511417
37240	0.183379922408733
37260	0.194499774845342
37270	0.190018478994621
37280	0.18370378254465
37290	0.166579318832
37300	0.158928703493743
37320	0.160392844233923
37350	0.198352829823454
37370	0.189518034955855
37380	0.180101172115089
37390	0.175013975470913
37400	0.162737253396873
37410	0.192947417212804
37420	0.186722646299611
37430	0.17861603103436
37440	0.155290698339962
37450	0.163437456535723
37460	0.189160882544991
37480	0.186829456012437
37500	0.200890496458956
37510	0.181683023002182
37520	0.216048886318818
37530	0.145253419663097
37540	0.26208518052279
37550	0.181436240957352
37560	0.176854674686613
37570	0.152463659475219
37580	0.157279410663013
37590	0.197746617712496
37600	0.17991582570175
37610	0.178500768644284
37620	0.218905115776829
37630	0.143422393293481
37640	0.193413127354517
37650	0.176428683451158
37660	0.243067485066475
37710	0.188981513685273
37720	0.198819582138389
37750	0.171274184754456
37760	0.166850203119752
37780	0.182624192542921
37800	0.192515365410554
37820	0.17938271695732
37850	0.165269782470935
37860	0.175260655408035
37870	0.168415251476319
37880	0.165220916861049
37890	0.155343963772251
37900	0.168775234852579
37920	0.185411980388519
37940	0.158410773366042
37950	0.15923977713924
37960	0.182485062928117
37970	0.155643284771451
37980	0.150887984128263
38000	0.159957598933628
38020	0.210393733935001
38030	0.176837350167426
38040	0.164507334967278
38050	0.170720008092761
38060	0.185262511016433
38070	0.182543102047399
38080	0.143643978316352
38090	0.208333847736108
38120	0.149368534494535
38140	0.210327450442466
38150	0.210595770104963
38160	0.202034131423375
38170	0.204334708783508
38190	0.190669104285293
38200	0.19743100250681
38210	0.182283242303519
38229	0.227666624244384
38230	0.14787646528272
38240	0.153647918691375
38270	0.216526617178837
38280	0.181936650777751
38300	0.179555551598908
38310	0.182164640587333
38320	0.153112466300644
38340	0.184904793370292
38350	0.194914770842767
38360	0.196332183821972
38370	0.236524147209211
38380	0.178444861024244
38390	0.160596209629428
38410	0.166177190331755
38420	0.214365427738912
38430	0.191868255557994
38440	0.148020521273754
38450	0.184780335742333
38470	0.198598950726558
38490	0.170335636934479
38499	0.162432329091143
38510	0.182938982241997
38530	0.181152211422145
38540	0.186421506231725
38570	0.218457919560843
38590	0.168764542739302
38600	0.189447104470626
38610	0.171344809984356
38630	0.197363077845222
38640	0.17482415589636
38650	0.155907336581618
38660	0.168375332897243
38670	0.160815561512619
38700	0.195204739706068
38730	0.17101465550523
38740	0.172045357161102
38750	0.163628309175707
38770	0.175377412360645
38810	0.181918039151127
38830	0.197628540141056
38840	0.168521579570082
38850	0.20016075128663
38860	0.192781639374502
38870	0.174340988494193
38880	0.179001822499846
38890	0.166536984266246
38900	0.181058527700824
38910	0.192655908512427
38920	0.235720263922872
38940	0.19741094156627
38950	0.208452109054691
38960	0.217842629886534
39000	0.150708434287292
39040	0.190714745990024
39050	0.186125676694397
39070	0.191143622142296
39080	0.205207700850456
39100	0.177316584045372
39120	0.149318249505551
39150	0.169380714186618
39160	0.183247659322513
39170	0.159251985719398
39180	0.17790337761191
39190	0.179695550977835
39200	0.200512784721305
39210	0.183781474409232
39240	0.177951550662443
39250	0.198957358153861
39260	0.193710364557291
39270	0.158796613284187
39310	0.182759577978662
39320	0.224912843502652
39340	0.165722576533954
39350	0.190082255185678
39380	0.189824740347028
39390	0.177628638172205
39400	0.198460352486799
39410	0.186771656564729
39430	0.17586850638956
39440	0.175434522297752
39450	0.162182464156341
39470	0.179084159006992
39480	0.189177295674905
39490	0.170911941768014
39500	0.214259438447237
39510	0.17721428733052
39520	0.194071981633879
39540	0.180633486010595
39550	0.192595289340531
39560	0.173133259192662
39570	0.198437624848084
39590	0.202705777124094
39600	0.157010726850627
39610	0.202758355598459
39620	0.17237215622324
39630	0.184605727413585
39640	0.187955498865631
39650	0.164374656148018
39670	0.186481792145235
39680	0.202346792157026
39690	0.197649147851056
39720	0.191477524923843
39730	0.193089820946291
39750	0.19467603554829
39770	0.192371500818855
39780	0.236522546633862
39800	0.245613872378492
39810	0.191308511130934
39820	0.199048379588033
39870	0.180433319185319
39900	0.20110953014225
39910	0.24367215279922
39930	0.182470514035767
39940	0.173481203242506
39950	0.132772676530354
39960	0.199418607384862
40000	0.193133342549443
40010	0.186077238935127
40040	0.174771042025447
40050	0.215016296241454
40060	0.208750146497405
40070	0.204001196039854
40080	0.218046705038447
40090	0.269951618005466
40100	0.221423503604499
40110	0.199947088202445
40130	0.202721017011872
40140	0.160959519695384
40150	0.185659807545967
40160	0.191828682381178
40170	0.200132216950532
40180	0.218232720894376
40190	0.212358019096489
40200	0.189701719770028
40210	0.170118460052355
40220	0.186964025708858
40240	0.189955756602636
40250	0.196551922409912
40270	0.21743185897996
40280	0.194566263400116
40290	0.16752310791444
40300	0.185769204388386
40330	0.174956382637804
40340	0.170193961790836
40380	0.189148685549513
40420	0.199559535726954
40430	0.172156919331211
40440	0.186188506125335
40450	0.15122593720321
40460	0.206916290925967
40470	0.188499586946276
40480	0.179072327360928
40490	0.191277496149595
40500	0.219306788787195
40520	0.150378261288555
40540	0.170196488426587
40550	0.222249096146945
40560	0.177778532814724
40570	0.178656142159677
40580	0.190712903257022
40590	0.170980123488254
40600	0.168656558850179
40610	0.160129848495837
40620	0.191762082600415
40630	0.186776821892694
40640	0.173164609513144
40650	0.182197698418864
40660	0.160105489987467
40670	0.196224352321065
40680	0.221986163049232
40690	0.18127461536169
40700	0.171705484555401
40710	0.188940591056026
40720	0.208127438665133
40750	0.21579513309478
40760	0.190717274727071
40770	0.177506153849798
40810	0.166015405047106
40820	0.200908514815
40840	0.18851883567491
40850	0.173666193433575
40860	0.189127004559123
40870	0.159135024984565
40890	0.222655808465847
40900	0.208739069287106
40930	0.157063947645267
40939	0.187802760452753
40940	0.14486490144179
40950	0.19156459363486
40990	0.186888068921402
41020	0.184196506532866
41030	0.185388207648505
41050	0.170644968070973
41060	0.25710819860245
